.Random.seed <-
c(403L, 10L, 731890100L, -1926119910L, -567640731L, -2091858945L, 
-232545658L, -1061576176L, -1674143565L, 245281617L, 950836992L, 
-98169378L, -429754839L, 1445068251L, 178389738L, 763408524L, 
863576015L, 1634645893L, -379644868L, -1417341678L, 406561293L, 
-2065254073L, 878742318L, 994510472L, -550703221L, -1330749591L, 
1590743352L, -1161016346L, 1236056961L, 33215251L, 551460034L, 
652474228L, 709147511L, 1147198573L, 1407562500L, -1763366358L, 
1655637909L, 275442735L, -46308042L, 86256992L, -1045501021L, 
-726979391L, 2016636080L, -316994610L, 1989529401L, 993062731L, 
-1099924230L, -2034285060L, -1632405953L, -1997477099L, -1532499924L, 
1421908226L, 1302794717L, -16437033L, -1560568898L, 1040199160L, 
558045659L, 1961261113L, -568565368L, 1240878390L, 1656477553L, 
639821219L, -1737598734L, 341435460L, -870646009L, 508423901L, 
-1887449132L, -79970566L, -393067963L, 1705824927L, -909819866L, 
-869317456L, 1748157779L, 1257832561L, -55001696L, -1028312770L, 
-2125823927L, 1411867899L, -573354806L, 1514902060L, -289962449L, 
826558181L, 1345702812L, -1764622862L, -310499219L, -648945241L, 
-2145258546L, -1690388184L, -325481685L, 457206089L, -686391720L, 
-453087482L, 661142241L, -1908216205L, 230274786L, -1173591468L, 
-780831913L, 417494861L, 609290980L, -1069280566L, -107599051L, 
607838607L, 76961430L, -1915537856L, -1220129021L, -547895519L, 
-670658544L, 113526766L, 1133373337L, 1569292331L, 427152666L, 
-1926539300L, -279217697L, -839475787L, -967988404L, -1624372830L, 
-88848131L, 1574327799L, 1761669918L, 460762584L, -1308358853L, 
628158681L, 458660968L, -1284251242L, -2005769967L, -1458908477L, 
-1403852078L, -1255646364L, -563392857L, -172410883L, 385446388L, 
1599045338L, -1150320603L, -1680454337L, -1339391290L, 213086032L, 
1047162739L, -1359138415L, -695442496L, -1971255906L, -530843799L, 
165671835L, -1143932246L, -780364596L, 358772111L, -351106619L, 
1122037116L, -501000750L, 1195782477L, -696847353L, -1774009362L, 
-2020078904L, 1402136011L, -1769652183L, -1331321224L, 1861215142L, 
-82369087L, -1301454253L, 2040752386L, 1300029492L, 1913805239L, 
-1993142867L, -837744956L, 63662826L, 1829997909L, -821247249L, 
837771510L, 2135572512L, -1417248285L, -345816447L, 1968434416L, 
-433314930L, -367338247L, -1273387381L, 2031359674L, -921658948L, 
839289599L, 1169452629L, -679904916L, -1603720766L, -350698979L, 
-450864489L, 266204158L, -1554133064L, 1381458843L, -1427494407L, 
-1303316152L, -158382986L, 1252266417L, -1485389853L, -2139890510L, 
-859737852L, 1267513927L, 1533508893L, -201700460L, -1109901510L, 
997122949L, -713549729L, 2097900262L, 2060767600L, 1870346899L, 
407249713L, -918355488L, 2116367998L, -1134265079L, -674312389L, 
1563985674L, 380614380L, 182035311L, 984683685L, 728598108L, 
2009452082L, 381693229L, -86172697L, 658234126L, -1947362072L, 
170292971L, -634071159L, 1530569496L, -619907514L, -46897503L, 
-550213325L, -253294430L, -1146746988L, 1708418583L, 1462735373L, 
215852836L, -1199742198L, -502043019L, -715683952L, -1807895812L, 
2132201364L, -1532995518L, 1685675264L, -2097990596L, 817386832L, 
550791330L, -1699457208L, -524169460L, 1814522588L, 1161460562L, 
-1430125952L, 386173012L, -504507416L, 1523549946L, 1363194192L, 
-1429411028L, -917196940L, -1178834030L, -1137926560L, 246775692L, 
980435808L, -2142003230L, -648192088L, -908057396L, -71291396L, 
976315314L, -748441104L, 746713540L, -1563803304L, 556295546L, 
-1890295376L, -1220808772L, -1901764524L, 2134614978L, 1898765344L, 
1903279292L, 175088208L, -767858718L, -2126238104L, -623003060L, 
-1656962820L, 979636210L, 643994880L, -679833740L, 1452265480L, 
-902279750L, 1820067280L, 199195628L, -111972460L, -2021612590L, 
629266272L, 182537548L, -1822671584L, 2087551874L, 680051432L, 
1766474988L, -144797124L, 1136292722L, 818711152L, 1519706148L, 
1389834040L, 1100453018L, 1107819216L, -1577490244L, 414701204L, 
228970114L, 1897401536L, -28565188L, -1166665584L, 1344492066L, 
216346120L, -842741492L, 944929436L, 1593783826L, 981648768L, 
1958651412L, 1971756584L, 1876161850L, -297719856L, -586358164L, 
1849544500L, -1608742254L, 1703725408L, -667444916L, 818495456L, 
1485088674L, 1545105320L, -2108451956L, -1244612932L, -973636750L, 
-112502544L, -585650108L, 1561177432L, 396076090L, -627319952L, 
-694145988L, 1248883476L, 136241602L, -256130848L, -38590596L, 
1095182032L, -1667025246L, 232926248L, 1683083532L, -70247492L, 
246963506L, -2076428352L, -967499212L, 544930760L, -2069052230L, 
866848656L, -1165771284L, 1362337876L, 1097338514L, -93318368L, 
337843660L, 1897782240L, 184863426L, -1770075608L, -1008884052L, 
1293691580L, -576423438L, 211536176L, -1835869020L, 1449167544L, 
-1261702310L, -1904527984L, 539066748L, 1289950484L, -2139377342L, 
360758016L, 1418001340L, -1399004336L, -296675038L, 2133097800L, 
-849573876L, 1669300316L, 171085010L, 288811008L, -944694444L, 
-837522968L, -934404102L, -1058218288L, -1029769940L, -1538633484L, 
-745367662L, 1003306080L, -1188352756L, -56254752L, -320635550L, 
468447912L, 1854343756L, 869377916L, -547177678L, -575658384L, 
1449782596L, -1512006696L, -1608368006L, 1186985520L, 272921276L, 
-1305221292L, -1816145342L, -1962019936L, 1990176956L, 1554754000L, 
-1633110686L, -879469592L, -1915093044L, 2134955772L, -1198612494L, 
-1671328640L, -10610444L, -776465272L, 2002650426L, 384459600L, 
-414069652L, 1677176980L, -118761134L, -474233120L, -816799540L, 
-276762464L, -712183422L, 1032638696L, -1694064404L, -1894956996L, 
-1609326478L, 928958576L, -849995228L, -212508104L, 80089626L, 
520272080L, -1784105412L, -2139138924L, -834198398L, -527159360L, 
569636156L, -385325424L, 1986427938L, 1670948872L, 800044172L, 
854583324L, -176831342L, -549921664L, 1405287444L, -476400856L, 
1593756730L, -924140336L, 1317948524L, -1229146444L, -375218158L, 
-1409638432L, -474147892L, -37374496L, -512304094L, -1743514328L, 
-21905140L, 799202876L, -2096229134L, 2031433968L, -1442076860L, 
-1495760808L, 859879994L, -1349392144L, -784190788L, 730558996L, 
-1677130083L, 58524234L, 654434408L, 1515573329L, 1040974659L, 
1609786948L, 1644156146L, -1062809401L, -1689214319L, 593796118L, 
968001140L, -1903574779L, -1558519985L, -1917839032L, -1932745498L, 
-1910425069L, 1296940405L, 1609679186L, -1287902816L, 2077515913L, 
-303085381L, -718609652L, 1457431194L, 304449551L, -750343079L, 
660472046L, -872184964L, -449384467L, -811218793L, -318164128L, 
-169004226L, -974447605L, -1874281331L, 279256506L, -1942522888L, 
-342462559L, 1622813011L, -1649055628L, 1404533250L, 1187034263L, 
-1427843487L, 391978662L, -217536860L, -1393765547L, 1035202559L, 
714034840L, 2020152246L, 424253507L, 503542149L, -1885687262L, 
-1508755184L, 833808569L, 691662187L, -680659876L, -1890133622L, 
-2087023233L, 488456393L, -1305012898L, -1592064500L, -388179491L, 
1665132775L, -1142764272L, 461620270L, -325485861L, 1484893117L, 
1508861226L, 171186632L, -1059207439L, 1632184419L, 859638884L, 
-1784897646L, -947858329L, 1805532209L, 998180214L, 887538324L, 
-1780465499L, 1107785135L, -795251096L, 1430386246L, -1095666701L, 
-106704043L, 531225906L, 670773504L, 1415711209L, 2120744027L, 
1131919020L, 330563770L, -950969745L, 1428899833L, 68109966L, 
-1336940708L, 895695821L, -1039484105L, 1946452416L, 1912477342L, 
-705724565L, -1522727187L, 14021466L, 2141720600L, -1353925247L, 
-1982584013L, 2111248724L, 1869589346L, 1458964471L, 1327327297L, 
-602571578L, -548210172L, -1806830155L, -528659809L, 108243704L, 
446013142L, 592448355L, 552108837L, 1148899522L, 1943461296L, 
-814817831L, -279389365L, -2123675204L, 967584234L, -471912929L, 
-1543623511L, 280704062L, 1495321900L, 1891334013L, 627455431L, 
145322160L, 1397714638L, 1470804987L, -1762544547L, -2006488182L, 
1553521576L, 1376983313L, 4190211L, -510823676L, -375255246L, 
648015239L, 1855845329L, 2017054038L, 2088067892L, -1617535419L, 
1483082383L, 1835795464L, -2053189594L, 303206611L, -1321082315L, 
186655122L, -1379760800L, 1617276105L, 1341247483L, 15429580L, 
